-0.0598119 0.1025935 0.07275626
-0.06051867 0.1019654 0.0725986
-0.05973993 0.1004971 0.07291358
-0.06302425 0.09926781 0.07400687
-0.06276067 0.09841164 0.07469205
-0.06209582 0.0977758 0.07552304
-0.06337085 0.09753015 0.07584538
-0.06243358 0.09627733 0.07586254
-0.06119424 0.09501126 0.07617675
-0.06015655 0.0941495 0.07625825
-0.06095788 0.09377051 0.07650357
-0.06009557 0.09205316 0.07645921
-0.05898928 0.09138694 0.07663897
-0.0579006 0.09087636 0.07752516
-0.05833091 0.090479 0.07768752
-0.05772398 0.08952326 0.07848953
-0.05701582 0.08939237 0.07922591
-0.05637878 0.08925279 0.07978369
-0.05661144 0.08893318 0.079949
-0.05598257 0.08866717 0.08056884
-0.05539174 0.08845435 0.08092012
-0.05503521 0.08836769 0.08120348
-0.0551646 0.08811639 0.08133947
-0.0548741 0.08816369 0.08129768
-0.05461034 0.08802231 0.08113624
-0.05461775 0.08809927 0.08110184
-0.05469381 0.08793651 0.08117777
-0.05483251 0.08765201 0.08112276
-0.05498447 0.08755325 0.08112612
-0.05513838 0.08756596 0.08097915
-0.05520957 0.08742 0.08103907
-0.05537232 0.08734453 0.08077499
-0.05554442 0.08734333 0.08047013
-0.05559951 0.08746854 0.0800632
-0.05569091 0.08730628 0.08010121
-0.05564145 0.08772438 0.07970788
-0.0555862 0.08791222 0.07948082
-0.05511419 0.08806145 0.07917161
-0.05453229 0.08809485 0.07904501
-0.05458014 0.08796489 0.07905206
-0.05316403 0.08757484 0.07864487
-0.05065398 0.08743818 0.07870927
-0.04749994 0.08751559 0.07872865
-0.04715297 0.08724819 0.07873915
-0.04471088 0.08768458 0.07900714
-0.0399377 0.08765446 0.07973276
-0.0355926 0.08787377 0.08037171
-0.03449795 0.08759361 0.08051112
-0.02891759 0.08659633 0.08187853
-0.02271053 0.08692536 0.0822281
-0.01733481 0.08710346 0.0826441
-0.01514574 0.08677435 0.08288301
-0.01238532 0.0872694 0.08392305
-0.008845789 0.08781686 0.08468357
-0.004078358 0.08731241 0.08563712
-0.001854002 0.08711583 0.08581077
0.001817185 0.08771712 0.08670725
0.009565888 0.08732581 0.08833198
0.01546655 0.08700383 0.08917966
0.018525 0.08686206 0.08935153
0.02354543 0.08670039 0.09060508
0.02952372 0.08698501 0.0921168
0.03577011 0.08670398 0.09316655
0.03933317 0.08663062 0.09337234
0.04723657 0.08647301 0.09477408
0.05862493 0.08640961 0.09586114
0.06353376 0.08607335 0.09663253
0.07091172 0.08610024 0.09803694
0.07578804 0.08598047 0.09841298
0.08380114 0.085526 0.1006234
0.09328879 0.08467625 0.1014512
0.1002597 0.08520553 0.1036314
0.105821 0.08502155 0.1042535
0.1125376 0.08494968 0.1061634
0.1208466 0.08470149 0.1069927
0.1269359 0.08530193 0.1076768
0.1325502 0.08517809 0.1083151
0.1398695 0.08619919 0.1094872
0.1479139 0.08606609 0.1101726
0.1561112 0.0873016 0.1109128
0.1621724 0.08752026 0.1113413
0.1709865 0.08788452 0.1106723
0.1760751 0.08762158 0.1107965
0.1831182 0.08755884 0.112421
0.1888593 0.08761828 0.1128233
0.2005088 0.09023732 0.1130879
0.2079201 0.09050637 0.1149075
0.2182183 0.09152376 0.1160004
0.2251645 0.09182557 0.1166293
0.2327926 0.09216163 0.1191869
0.240027 0.09360966 0.1218087
0.2489135 0.09537072 0.1244114
0.2557471 0.09608176 0.1253095
0.2652166 0.09780611 0.1241676
0.2713019 0.09891701 0.1236089
0.2789925 0.09966633 0.1234768
0.2854349 0.1005546 0.123825
0.2913404 0.101503 0.1248973
0.2960591 0.1010637 0.1255505
0.3013714 0.1009331 0.126247
0.3068798 0.1017355 0.1265226
0.3114013 0.1013544 0.1276832
0.3154401 0.1021462 0.1292424
0.3189127 0.1028011 0.1305881
0.3213861 0.1016647 0.1303017
0.3257253 0.1023052 0.1306148
0.3272873 0.1013528 0.1313194
0.3282995 0.1010992 0.1317738
0.3279868 0.09888182 0.1347761
0.3312065 0.09926852 0.1352019
0.3310962 0.09632105 0.1377822
0.3305726 0.09350439 0.137066
0.3297668 0.09234558 0.1361928