0.3349601 0.1135531 0.12292
0.3348832 0.1149121 0.1224843
0.3352513 0.115578 0.1224074
0.3352601 0.1166704 0.1227652
0.33572 0.1171706 0.1227035
0.336562 0.1188734 0.1241166
0.3367727 0.120003 0.1265934
0.3368328 0.1204539 0.1273872
0.3372539 0.1211618 0.1275749
0.3368718 0.1205912 0.1277517
0.3366778 0.1200678 0.1277024
0.3367457 0.12032 0.1284009
0.3369723 0.1207413 0.1285465
0.3373813 0.1208917 0.1297081
0.3380032 0.1221001 0.1324489
0.3372778 0.1237259 0.1353044
0.3374469 0.1246244 0.1358246
0.3361339 0.126694 0.1383005
0.3341423 0.128596 0.1409426
0.3326997 0.1309965 0.1428452
0.3312238 0.1333614 0.1449732
0.3309253 0.1347603 0.1458767
0.3288559 0.1384062 0.1481722
0.3265817 0.1430983 0.1494121
0.3244858 0.1490101 0.1517426
0.323737 0.1513639 0.1530524
0.3210787 0.1562555 0.1547831
0.3182988 0.1641163 0.1568065
0.3149395 0.1713817 0.1590503
0.3136773 0.1750853 0.1606785
0.3121367 0.1793615 0.1603788
0.3075312 0.1876347 0.1623226
0.3025441 0.1978768 0.1636712
0.3009105 0.2027687 0.1653085
0.2941244 0.2141033 0.166149
0.2900379 0.223028 0.1671845
0.2888164 0.2292852 0.1644034
0.2867683 0.2351721 0.1655504
0.2828823 0.2428091 0.1668901
0.2786224 0.2500696 0.1666787
0.2730154 0.2577235 0.1663415
0.2705981 0.2636927 0.1674805
0.263364 0.2726847 0.166256
0.2566335 0.2824315 0.1670217
0.2499432 0.2907879 0.167809
0.2465878 0.2976536 0.1690107
0.2403592 0.3051634 0.1689126
0.2343445 0.3130199 0.1701617
0.2288485 0.3202457 0.1699346
0.2250201 0.3269418 0.171222
0.2185013 0.3390866 0.1701769
0.2155694 0.3467979 0.1675228
0.2090982 0.3585127 0.1661132
0.2064449 0.3655072 0.163256
0.2024675 0.3730329 0.1637135
0.1992216 0.380459 0.1616001
0.1952555 0.3879053 0.1606149
0.1901062 0.3955259 0.1578576
0.1863574 0.4027559 0.1579243
0.1817679 0.4068274 0.154979
0.1778235 0.4115571 0.1513155
0.1725396 0.4157759 0.149715
0.1688871 0.4218076 0.1495739
0.1647083 0.4247849 0.1473036
0.1612778 0.4279883 0.144786
0.1574262 0.4306671 0.1421337
0.1540008 0.4355361 0.1417333
0.1522056 0.4366314 0.1396342
0.1497652 0.438255 0.1395895
0.1464404 0.4385306 0.1386732
0.1435778 0.4421403 0.1383235
0.1417021 0.4411723 0.136392
0.1457426 0.4349241 0.1190184
0.1497175 0.4298923 0.1021007
0.1492925 0.4304113 0.1003448
0.1517822 0.4183025 0.07700199
0.1480266 0.4119577 0.07017419
0.1446825 0.4113111 0.06547669
0.1513702 0.4115817 0.0691801
0.1513701 0.4115818 0.06918
0.1501923 0.4104838 0.07107949
0.1494628 0.4059722 0.0841939
0.1494555 0.4059786 0.08419864
0.1333936 0.4069066 0.1114529
0.1057626 0.4108473 0.1338835
0.1170729 0.41047 0.1429753
0.09266549 0.3983768 0.1356261
0.09266564 0.398377 0.1356259
0.09050156 0.3953738 0.1357189
0.07918382 0.3821684 0.13551
0.06552232 0.3649903 0.1348128
0.06266058 0.3613554 0.1348344
0.05074397 0.3441213 0.1329799
0.04300931 0.332086 0.1296206
0.03525348 0.3185877 0.1279904
0.0308556 0.3117479 0.1271262
0.02530623 0.3027119 0.1268833
0.02034737 0.2914267 0.1265571
0.01174578 0.2763998 0.1234751
0.006878965 0.2682438 0.1221175
0.003271136 0.255705 0.1190572
-0.002041668 0.2454305 0.1163043
-0.006277867 0.2380977 0.1143064
-0.01062268 0.2301027 0.1123826
-0.01474531 0.2220088 0.1103114
-0.01861848 0.2117137 0.1057601
-0.02207269 0.2058367 0.1048633
-0.02601756 0.1982927 0.1026379
-0.03125273 0.1906606 0.09997893
-0.03491709 0.1824948 0.09601301
-0.03564718 0.1769604 0.09295569
-0.03925877 0.1696643 0.09030376
-0.04200089 0.1657956 0.08947963
-0.04329926 0.1610479 0.08711749
-0.04382778 0.1571418 0.08454187
-0.04656402 0.1510547 0.08207757
-0.04777528 0.1496008 0.08098204
-0.0489611 0.1476643 0.07997596
-0.05014639 0.145189 0.07849728
-0.0501432 0.1418539 0.07705837
-0.05185938 0.1376762 0.07512879
-0.0527013 0.1355232 0.07363814
-0.05316956 0.1326128 0.07245187
-0.05460243 0.1290171 0.07065521
-0.05505559 0.1255529 0.06942932
-0.05548339 0.1227354 0.06758496
-0.05548303 0.120677 0.0672411
-0.05560067 0.1186175 0.06713577
-0.05662561 0.1155869 0.06562174
-0.05611839 0.1138475 0.06521733
-0.05678356 0.1126617 0.06628703
-0.05682225 0.1123385 0.06738568
-0.0576435 0.1099371 0.06625198
-0.05655758 0.1085393 0.06643189
-0.05473424 0.1079505 0.06679355
-0.05389944 0.1077395 0.06794871
-0.054237 0.1058707 0.06717092
-0.05364817 0.1057733 0.06872973
-0.05282624 0.1044719 0.06893364
-0.05268738 0.1036163 0.06922609
-0.05275977 0.1022906 0.06879986
-0.0514967 0.10144 0.067932
-0.05192983 0.1017315 0.06803026
-0.05224141 0.1020178 0.06871499
-0.05222392 0.1010439 0.06844047
-0.05258254 0.1012117 0.06901746
-0.05354923 0.1011622 0.0698374
-0.05463311 0.1006767 0.07037769
-0.05469522 0.099991 0.07023776
-0.05562511 0.09972195 0.07038592
-0.05608804 0.09958029 0.07072731
-0.05721011 0.09931304 0.07078797
-0.05737526 0.09872375 0.0707173
-0.05790055 0.09863469 0.07089283
-0.05813465 0.09839003 0.07149718
-0.0584328 0.09715601 0.07159265
-0.0589074 0.09435294 0.07283325
-0.05905212 0.09394878 0.0726865
-0.0599785 0.0904514 0.0725329
-0.0601564 0.08607367 0.07069728